11548
12018
10702
10701
13059
13051
29762
12834
50411
93139
24141
11844
67371
23269
69178
64809
12581
44917
13985
13983
13673
96433
19582
12204
10511
10516
10514
62126
25710
52781
14660
86269
10354
10355
46227
12468
12463
11475
11471
27598
26642
73018
35628
27274
12984
11877
14808
28058
16423
21312
22957
57692
27413
27412
86297
55095
34748
32746
85365
77401
39658
71265
14754
13902
11225
82657
12753
95457
12287
21483
13489
90212
13154
13159
10590
10591
72290
35310
35312
23454
50074
36034
44071
12973
11383
11388
46005
10412
26970
27766
33996
77106
10169
10168
14269
19348
65197
10993
17772
64318
10207
30990
26729
24372
67957
66785
14062
14060
94425
18181
18180
43332
31382
17574
17579
11939
11937
11933
36360
11062
51009
10813
57122
68688
75934
29356
40487
40483
11303
16548
16547
16545
12658
45576
44627
34982
36892
23310
32981
36668
85786
41659
10136
86491
40523
19930
11538
11535
17261
10288
10289
21571
49824
11887
20224
62055
23554
65252
15081
91306
69296
52432
10042
10045
70495
71727
54212
10894
17389
11767
19579
12238
27389
27382
26033
38639
89607
69400
10367
11101
16225
34504
42529
41301
41300
12492
33948
87422
73929
21645
13316
11804
20117
64563
16419
22989
55221
59993
29070
34715
72544
45614
74135
40831
11275
11271
19062
65017
69066
17305
10659
10658
10657
10656
10651
10653
62155
28453
29504
68529
43109
89775
17915
87039
41723
94913
13768
11406
11405
11404
94180
12176
10444
10442
26926
99759
34587
25641
79870
33496
16657
16654
83251
40036
15647
76240
39338
77177
19431
10130
10131
10967
10963
10969
22905
11619
53289
77374
28741
74130
33048
84068
16659
63749
21121
17524
13456
13455
20656
15937
98338
25142
49102
23486
32615
24620
24625
18332
18337
93567
70021
12907
70975
38151
11335
11481
12688
58151
26468
98396
24916
24804
76475
15562
15563
16149
11698
64343
12348
12340
10274
10272
10278
34468
27678
26232
21954
14012
14802
31665
72465
10075
10076
12562
12565
12564
95900
10841
38962
57157
43643
20513
24517
28173
79478
75965
39787
84146
33120
18587
30470
15265
19721
84926
13552
48574
28374
81549
61178
56124
24084
67102
72709
66764
36303
15877
40557
83137
14342
14472
11561
88070
16723
12039
21631
58058
52721
10764
13079
10183
12856
87938
71983
34183
32728
85384
18741
81442
13652
11247
20849
10688
10681
10684
42198
12264
20337
49261
71079
59229
35073
24820
15154
45607
15012
10333
10331
10335
70091
10338
31622
44013
14368
17947
28916
28913
12409
12400
13755
13754
11452
97515
17126
46577
10479
29271
34262
23946
15692
19443
13340
10109
10108
10104
10100
11854
10937
92455
35417
55565
18297
14731
33483
89297
15067
39113
11076
12779
21179
20686
29557
29558
55761
32523
60132
53355
49415
66161
77599
10805
33197
65774
86399
12954
12486
14500
14509
38167
11367
13270
28504
20077
23676
75460
63896
45225
25704
14204
16112
10227
27115
58047
37539
14044
35226
70778
15792
43570
13429
42228
10026
10027
10024
10022
10023
10021
16093
16092
16094
10878
90882
20547
22782
98527
33112
14585
14584
15184
15236
39251
12634
12637
12638
13580
32408
62982
10001
23330
41757
15888
10731
13043
13047
20244
52865
22662
21921
72387
81987
63104
18711
72698
11297
11743
11748
11749
63918
52725
10506
63260
16201
51814
56444
77468
31770
19755
86873
10349
10348
14993
40216
12472
11464
11463
68124
90638
61743
32922
18756
89051
12062
49513
13333
13331
13330
11864
11868
93144
10902
16433
16434
88484
55082
85353
14746
17365
33471
11216
69593
17328
10676
12296
20815
49567
45602
73535
38416
18619
18616
12967
71029
15463
16282
12158
10422
28686
91654
67738
51464
59335
27756
18454
21846
10156
46721
14278
64992
87602
11580
21381
11636
20472
48125
10214
24389
67944
66091
37691
18179
11861
74877
74873
11907
59140
18671
17882
10826
10821
56268
58379
29393
72191
73820
22777
31844
74094
74090
70954
30491
38132
13784
19121
45741
15205
15201
15203
15202
12663
13201
13200
79892
34437
68225
31296
25818
36093
55015
11508
11509
12366
10299
68424
68428
90838
62290
67672
23891
21978
56394
99810
36473
18303
43892
15096
10058
42857
83672
12544
19091
43668
11778
78915
34369
73341
47217
15285
11113
11112
56107
56101
65524
49320
36822
66243
18953
58216
14185
76292
13864
39382
39383
12058
43784
21651
11832
48694
20297
56317
30377
31029
66069
35254
22179
38224
11266
69073
11067
42429
12790
12797
16959
12242
21440
20318
59240
35016
32093
56297
58971
96132
68535
31189
35351
49032
76916
80897
11195
11196
83288
73987
11431
17104
12160
68882
77222
93666
22304
32354
26104
46934
78052
77148
19428
17475
13364
10129
10120
10127
10126
10958
10959
10952
10955
17731
17737
68960
34780
28752
88659
32781
14714
30521
31696
18144
16662
12713
88148
18548
17537
81968
10088
10084
10083
58344
11024
11029
11028
51046
82550
36958
66143
23491
34626
24613
31819
10243
12932
11343
49635
58142
20054
27723
14568
62993
24966
20939
76323
68274
67427
79365
14228
11688
12086
12087
12083
10793
12330
10241
29085
58750
35700
47740
32168
14024
34863
38734
71448
10004
10006
10007
10003
10009
66803
10854
10853
10858
63975
11721
10421
10424
25270
75029
50344
68708
19885
19884
62288
44667
11149
65392
74236
15863
18925
40561
42458
11578
19381
16716
21601
10712
13060
13069
27608
97920
97924
66573
37371
24177
18779
39627
96429
10698
12273
12272
12277
10526
26842
88584
25188
15128
78164
88513
10321
10320
10325
10326
47725
11447
60439
45013
27269
22089
14153
15685
17445
80278
28495
11845
64964
89538
25336
16189
21363
25476
36182
18809
83001
47956
44487
11239
11232
42471
70612
10615
22450
96142
14399
67227
72285
25934
12944
14395
11371
11373
52255
16804
16805
12136
12134
10400
10407
71421
13266
13261
91671
35967
59876
21337
68240
10178
10172
14210
13883
43017
43014
11655
63080
10233
23836
59673
18191
35813
74892
20618
10039
10038
10035
10034
10036
29890
58646
12523
11147
11144
10809
14079
43609
60722
34654
23111
23118
48592
28131
28134
27310
33167
33162
41454
14575
15224
42530
84964
17681
13596
13595
20799
10480
10481
59645
56162
20964
30106
30102
25872
93310
12027
84446
83798
13804
11529
10720
10722
13384
44406
11896
13034
13032
59054
12810
51389
22692
21916
60036
39435
35896
78025
18708
13618
16063
84755
11755
12227
12222
12221
90107
10572
26810
28421
74034
32075
18544
18543
18099
72895
40762
15117
15113
39572
78136
78132
17606
10376
10377
10373
10560
11136
11139
19246
19249
96608
81716
17168
67145
26661
66234
31945
27211
84281
31537
87419
83880
12070
46739
87648
14824
20106
44364
28072
22611
32894
50177
22153
90496
86589
14771
77693
11200
17330
10644
11994
20371
78949
52040
68555
34020
90369
74575
10254
12999
18697
15410
15411
11413
12149
42616
21742
34225
22328
25679
25675
23983
98112
26165
15658
15659
39324
86989
42057
10145
10144
10149
63622
16488
11595
11591
11593
17281
11620
27966
91198
69503
13461
55566
20662
11003
11007
16365
53312
66129
34609
53628
10432
10434
80112
30711
13792
89119
11490
19797
16565
12674
64145
58670
14954
14952
20031
61107
60856
87690
74806
76231
11518
11512
99344
10261
10266
10267
63387
21551
45723
13003
81323
35729
18468
14125
16033
10064
11081
12570
16051
19552
42109
10541
78996
70673
14633
30464
26848
19712
13547
80801
91103
90742
65518
36672
29118
28646
85743
37193
83147
13858
39391
16735
16733
12021
97697
10777
10778
14859
11822
13088
13084
59796
10197
29757
10190
10198
12848
12843
31883
53943
31017
95814
45299
35249
32730
77465
24182
85392
24186
39601
48952
30003
43361
43586
43581
80605
12256
17096
20580
55243
62174
26090
18512
31191
54289
56917
49727
86839
10301
80886
76728
19217
69904
51500
11423
17115
10469
58422
58423
93611
74741
70530
39316
17467
10119
10117
10111
79917
10949
43078
24199
96832
27422
24437
93790
13953
15072
84869
21106
10635
11942
11943
10099
10098
50702
22477
26369
37688
36942
68581
23460
72403
71879
11358
89836
46070
19831
12117
21714
13245
35121
15077
10193
46823
79378
11276
19314
12096
12093
12323
12326
21521
21524
21528
62001
61581
65903
14782
47462
15789
39458
39459
17549
13437
59620
46403
10013
10010
10017
10014
70421
11056
11057
17842
11737
49488
48288
48758
59460
22220
25795
16533
12627
10557
10553
28313
55415
25007
20987
18507
24729
22079
36327
13829
189744
176068
174358
114448
143991
194312
137457
184296
103707
154849
148995
148990
126343
104169
166440
177817
142716
197193
140667
146625
187928
134460
143999
130587
118716
107785
192521
170997
191708
159121
181202
163626
178225
189221
110596
131925
155330
140859
170204
191512
145327
104654
148612
173223
116592
102419
186133
113192
174495
187594
167132
171897
108062
197286
183731
105235
162986
117226
183257
198272
123213
174069
103539
160135
167790
116897
107731
183420
131938
178442
193591
145219
182039
182822
131467
159551
112691
109473
145976
183115
156882
174917
141818
136689
126580
165508
172267
156437
111410
196844
169856
180095
124048
141765
129657
118071
173210
140319
182699
197730
150320
186108
109533
120966
126069
163965
117350
137051
175726
159755
170252
152097
148842
116702
131164
175920
145237
142641
142645
122898
113127
165658
131555
173505
167162
148035
102730
170782
177785
180511
105006
149209
187670
199907
108459
102961
146847
146846
183733
170117
111979
121560
128169
142121
140581
169210
117546
172418
130760
195929
190404
107017
114355
110292
150180
163816
194611
158452
154399
164954
110315
197078
136028
180374
159894
121164
168191
143759
199108
190728
198517
199357
120199
195050
190692
188866
110404
184225
185173
126940
151273
183618
143780
160105
192565
178091
148161
120464
117205
108767
109498
156001
196023
177749
119872
198645
129226
110484
179463
132691
118313
195314
145583
188162
137881
189939
105296
162990
124711
176427
127190
188349
126160
116837
105933
140679
141197
148479
169101
173061
100742
142995
165724
167763
132283
180482
119989
151609
196602
130513
170522
119606
194762
173230
173794
134798
138404
129738
150756
191207
114011
107856
189492
168018
131538
120982
110341
124870
176200
146701
139316
171491
163197
153079
182537
172040
116526
192022
112993
175599
141886
189914
170177
182470
198653
120663
150419
144665
132121
154714
183459
134156
128294
126818
126815
102556
196418
110235
191105
103747
181278
172877
103263
121068
121069
170726
173279
182226
162836
123111
143695
142992
163251
164701
187969
167544
112166
143341
137385
184092
177029
160731
163834
161068
105107
194885
107869
162340
134501
159937
113404
192447
160184
181961
119322
150786
151159
199565
199563
174966
113298
168819
193684
130378
171845
172093
101479
159258
135042
123687
135641
194771
199180
101200
180882
132111
120857
162146
153548
166185
184539
100009
154288
154912
102956
174189
146853
157231
103773
189241
154582
118378
168861
145565
165783
198988
142931
117576
177846
186722
167231
196776
157958
180232
187952
173252
175777
101351
116853
136396
134539
171576
171570
151325
160280
147445
135582
144657
146272
143400
152940
116741
184699
124632
118784
172156
144956
117390
167305
131758
107316
183836
108515
198666
178028
102062
195053
104880
131121
140688
116500
148218
198353
119884
190720
188816
126446
187430
179700
195383
110953
167878
127828
122955
170538
195733
191299
187330
137164
197608
138058
174863
104177
161599
187576
128323
159554
157610
129500
115822
127909
144005
130881
173787
102430
167052
149669
181565
189486
162221
173597
164336
121625
111486
168318
105544
186534
172077
134494
116533
124308
157557
168726
179742
113137
124140
128828
121515
167157
187765
197226
130457
150890
142950
167451
106630
154721
101542
179630
121706
166127
189754
132334
114087
101382
171610
100026
100021
110196
174832
103251
121011
129349
111431
165854
162001
143131
152921
125945
106955
111734
189643
161094
150715
166956
186180
111328
145124
140577
116930
165240
195701
146409
149062
145341
107623
165227
133266
123245
150799
150317
175438
165692
166524
100843
174019
147111
171261
103878
103873
124446
174191
111124
126952
176085
148758
143582
139977
155000
161740
185997
151932
131104
131105
232819
201405
245032
224812
248655
253825
206998
240355
214148
201236
211243
278559
265550
254161
223626
232413
201038
276209
261702
216507
225930
200275
204192
232372
255664
210203
228429
273007
238391
219433
217863
257523
207392
294735
204116
230192
202180
242264
274768
245737
259227
210869
272020
229124
273527
261998
260719
240725
261374
285403
225816
244197
239721
208524
236951
296543
212556
247863
259072
235241
258919
207365
224019
208863
224008
272098
248407
249439
287930
214116
280243
296330
278606
225087
241549
219926
259273
227485
275645
264368
264788
200360
270629
228736
201197
227850
289435
264066
226439
281848
208329
243519
299338
234582
276176
298044
201114
253423
212792
247407
254979
254651
238854
222684
299529
251227
246289
202509
205998
229713
241177
233931
289154
236744
283855
232431
244402
244281
284629
255476
278302
218220
205593
254513
250865
262242
262517
230893
212977
203830
246493
209554
209551
270403
200637
239545
286519
235294
230814
279323
246665
237153
271277
226321
213015
223214
277910
297384
210314
232039
292715
257879
298628
293845
248952
264604
249558
215423
254352
274676
267908
221241
217138
260604
212378
263569
247027
210763
217810
280261
214890
261453
218639
211599
294915
227668
229295
204903
204908
207227
204312
209520
226412
226224
279622
203330
255322
256167
252674
223248
220574
299241
263285
204400
202766
215792
251101
219498
230967
254992
223039
284079
261275
276120
290366
227591
224005
214778
298003
279014
218168
255586
231101
249871
249590
257880
264084
230875
261319
225759
292276
290237
201681
217945
218006
210824
285681
253454
269571
211781
277403
232732
254667
250604
275005
251620
252426
262528
253161
279962
236270
252218
225608
279486
235202
216707
292021
234116
222825
244766
210911
222042
208078
218589
262626
287283
274483
278103
206908
205287
240619
249477
236812
275655
287979
205905
209842
259997
253395
278964
209095
285652
222164
207019
246109
262321
290174
225980
205339
252123
249095
277576
200329
208494
224452
259645
210136
263429
299259
251360
244484
237030
241320
233357
244815
213210
251162
234201
236020
298581
267066
217439
217437
255567
253547
230173
223097
272084
210756
222931
292658
223683
258419
279699
203543
206397
290811
203703
229841
249033
201391
214983
288985
261092
224813
201743
288398
283707
288029
281164
296241
296240
283146
220503
204174
251352
204991
234043
205089
250245
295078
228956
205101
224429
240580
242090
274975
222306
277644
208681
289050
267688
226086
264076
206969
281316
200472
237124
212474
298341
230377
201001
249340
258280
206075
293396
222021
203755
204251
208736
241691
221207
295603
225886
235112
252776
207035
283198
206349
293732
223913
242258
239981
210838
223895
223893
267934
282851
205822
207184
215893
228555
229090
234762
340297
354640
328533
362416
371026
343444
355880
352686
378970
324911
393455
351618
351619
307404
304140
325826
303122
329371
309739
341710
341424
304595
354402
342488
362263
329424
301393
338766
342822
368133
341127
349147
315982
300203
357226
344881
365875
343204
334617
321366
334449
320710
396153
337382
338456
361237
357633
320987
392921
343197
386283
367204
343852
331631
310574
307550
304192
301643
343066
310839
306522
323847
310700
324189
391449
303212
332787
328517
352142
344023
320130
300345
300346
313249
389635
305488
323922
315853
346779
393142
384541
393140
354503
353999
303108
382545
339550
320386
344992
329024
324211
309244
302075
330706
364704
330279
357986
355586
350900
317932
338328
326588
352135
352137
341678
355148
343477
338170
353130
389603
344758
314591
304960
325612
316685
369215
384398
390045
303754
342490
317988
327665
305062
335610
300217
352455
333720
339462
318039
313508
342998
349174
337905
319229
309150
339319
341879
340868
372589
314094
307028
306136
345244
368909
325060
383972
340633
397218
304745
361174
369161
356325
342116
301633
334180
382242
384991
315049
364511
309262
327774
338147
391167
341880
351977
341073
338839
395416
303191
354969
338653
355054
344874
377344
345828
320374
369982
359985
341132
312709
363013
393070
325171
342487
347200
379412
364615
337485
380931
327193
385172
331479
357838
346974
317069
394631
317516
328958
311112
386787
306488
340063
301914
386570
368701
365823
308474
391958
399184
354543
304900
386703
302608
345975
394559
322148
375872
335663
361153
339596
372763
396215
339410
357634
345300
335085
369706
349665
306091
303699
394898
366393
357073
351081
394322
312851
345444
397897
311762
348229
363964
310024
353003
316757
370511
336329
322502
357597
321241
301626
398478
366352
368503
363247
357414
327787
384770
443868
486533
458472
400622
468620
401167
499613
424979
484848
496744
496743
499460
407518
495738
458583
463477
480815
403800
458013
498250
477751
428557
498004
406644
495788
486703
477132
469939
441562
465526
481977
442901
489381
447362
402725
441391
430393
430645
470910
494205
433317
499979
413620
498618
479524
476538
406958
427026
480281
462316
467799
407193
427967
467221
411899
407223
493081
499977
488524
453411
451128
444382
453294
433459
449693
473280
430624
408377
415414
424019
472973
455101
436949
413491
471004
497393
416868
426583
411939
449921
466363
430950
448351
487773
400731
495312
485999
456782
417139
428942
441526
424135
491301
443356
429860
424898
425704
436604
411886
442879
404009
413541
458425
438321
418624
456459
474895
405899
410277
458426
410490
429757
448058
491350
488441
449287
441283
544793
509423
528369
596395
528587
528584
528583
596486
577032
552793
596389
596388
596381
596380
596383
596385
596387
596541
592652
528733
528732
528737
528736
528739
528738
596374
569972
557647
557646
557645
532699
541450
523979
523977
596408
596407
596405
596402
596403
532528
558027
558025
525390
525391
551048
551532
551531
596529
596525
596524
518886
563710
522378
558444
542175
512841
512844
509332
545172
541885
569252
596506
596508
527906
596333
528740
528741
528742
551471
518876
596373
532512
532513
532514
532515
528186
528187
528184
528188
596517
577418
596378
596379
596370
596371
596372
596375
596376
596377
535968
535964
518963
518960
596542
544764
532668
591116
596530
572884
500283
518338
530500
534757
518698
519274
536786
592739
596335
529121
562840
596543
505137
530595
526083
542539
591901
588892
583132
575066
553239
505986
523978
523974
558815
516876
596401
501224
591691
589105
524520
577832
518957
518954
535622
535625
514264
519193
528488
593357
593356
558784
535202
532638
520477
572040
593026
593025
593022
596505
596504
596501
596509
596519
503950
519099
596441
596391
521697
559655
596447
596449
516789
553761
589171
596398
596399
596392
596393
596390
596396
596397
558980
558033
511660
523982
523167
572200
596497
576894
505407
518909
502755
564788
528572
528576
528574
542283
515858
569192
549574
561425
516288
551524
536305
592054
591624
531415
596537
596531
527998
582663
596354
512839
550725
523429
523425
536612
588803
596357
596350
517932
553117
527542
592833
592832
592831
591715
558979
553864
513198
596349
596348
596347
596346
596341
596340
596342
518604
518605
518602
521201
533121
596490
554566
510809
540339
593370
583798
516233
554487
596434
596430
511562
559391
528371
528372
528595
528596
528591
528590
528593
528598
596495
596491
596493
531118
576635
529074
592453
523355
523353
523351
553626
551176
596431
519614
559483
535635
573696
512840
596338
596339
596334
596336
596337
569879
559275
518658
542103
584360
507593
515859
528382
528383
528384
528385
528386
596473
596471
596470
596512
596514
596515
522137
522698
514654
544833
523430
521120
534821
516614
550436
559626
510760
570774
532010
592737
545697
596496
517637
571820
560638
596444
596448
528191
596367
596366
596365
596364
505239
596360
500332
515085
558045
543326
518910
528569
528564
528566
515861
515860
515863
562889
596468
596464
596460
528601
528600
532588
511228
514306
591096
596428
596429
544865
596494
596499
554673
506654
596362
549500
596363
596369
596368
591902
506286
592740
533443
530181
569212
593151
592828
592827
549582
540175
519461
596451
596450
541630
596452
596455
596458
558802
596358
596359
596353
532640
596436
596435
596432
563875
586674
596466
596467
596461
531651
593360
593362
593369
518674
592738
501372
518737
515813
529108
516673
592830
568413
596454
549538
596459
582645
523354
523350
537612
558007
558001
606439
602055
602057
603672
601991
601992
614870
613361
613363
613362
608359
