17681
19712
102956
279699
52865
591902
264076
591901
544764
11548
154721
11383
11388
88484
214890
10894
61178
170204
500332
306522
110953
32523
278302
241320
244484
277910
107869
42458
193684
110315
130881
184539
532668
10963
84869
515085
308474
56124
346974
240619
32781
451128
60132
135582
21106
86989
17389
261453
193591
562840
42057
105006
12018
250604
149209
334617
11737
101382
12658
519193
11767
19579
297384
15205
128294
558045
536612
10702
10701
83001
119606
596338
249477
596334
596335
49567
596337
191512
558444
74236
15203
310024
247863
327193
69178
80112
10635
11619
53355
10145
10412
10149
11942
137881
24084
10169
543326
49320
13547
53289
134501
12238
517932
159937
130513
569252
49415
201681
107785
186108
58216
596441
596447
596444
237030
121706
596448
10098
572884
337905
588803
13059
168861
203543
264604
176200
13051
18925
109533
518910
18708
232732
144657
217863
14714
528488
197078
303754
12944
447362
371026
551531
14395
20799
67102
14399
29762
132121
12492
340297
47217
173230
219498
384770
40561
18144
90742
196418
287979
221207
50702
394631
233357
186722
569972
441562
205287
66161
189744
188349
245032
136028
549500
12834
77374
343477
171570
299529
61743
27766
174358
50411
72387
28741
559626
145219
338328
22477
11578
312709
140667
154714
19381
11371
11373
145327
66764
327774
16662
213210
10261
52255
12713
10969
88148
329371
132111
27389
166127
114448
10267
77599
27382
93139
16063
215423
16488
16716
570774
593357
593356
11755
74130
152940
257880
171897
11595
92455
11591
559275
11593
230893
458013
100009
253547
192565
429757
168191
17281
281316
56917
17537
143991
102430
167052
173794
36303
16805
11620
458472
154288
81987
48125
12136
21846
12134
26033
10400
528371
134156
10407
295603
224429
36942
28313
194312
596468
81968
309739
79378
138058
182039
12227
84068
10712
12221
596466
90107
15877
167878
59620
38639
531651
325060
169856
596452
10088
596454
303699
24141
10084
510809
528369
232039
10083
13266
134798
583132
12954
341073
132334
518909
209842
169101
18711
83288
89607
222306
223039
14278
26810
161599
159894
234582
68581
528569
528564
528566
149669
40557
89775
137457
12486
173223
184296
83137
67371
357838
528587
528584
528583
13804
11195
119322
71079
150786
91671
97920
352135
97924
352137
502755
129738
218639
540339
232819
527906
341880
545172
397897
225087
151159
355054
103707
523974
542539
21631
497393
110484
241691
182226
15647
592740
209095
101542
46005
391958
596333
173787
180882
10144
58670
36892
210314
249871
10009
506286
293845
146272
10099
596449
408377
20656
80801
551532
333720
76728
242090
521697
22957
206397
11864
174917
102556
116930
532528
13618
10266
180374
544793
554566
143999
21601
290811
553864
518658
294735
596506
163197
596460
298628
596451
596450
596455
298341
596459
305062
143695
310700
108459
212792
29118
558784
11147
354503
11029
11028
380931
12797
212378
143341
407193
23460
366393
87422
126818
225886
259997
131467
11561
69400
159551
383972
28646
181565
51046
16659
16657
406644
500283
79478
74034
231101
10183
189486
56107
596339
150756
444382
593360
593362
98112
593369
21121
241549
235294
16723
32075
596336
515863
219926
12039
11743
427967
11748
11749
518338
340633
589171
63918
82550
436949
596379
257879
558027
140859
116741
65524
13456
324189
13652
251620
261275
413491
11636
13331
162340
31945
86269
36958
10168
120966
222164
569879
15937
10367
121164
391449
407518
195314
346779
36822
203703
10764
13455
351977
18548
257523
211599
18543
37688
564788
576894
37371
528372
24177
596464
13079
63260
596467
467221
596461
203830
199565
148612
528596
254651
199563
138404
278606
596486
146853
162836
14269
28504
59460
338839
72895
20077
264084
15888
143759
528572
40762
528576
528574
528601
528600
83147
528595
207392
528591
528590
528593
303212
528598
15113
58423
298581
24389
126069
39572
78136
91198
78132
145583
471004
67944
89836
23676
13858
49261
10026
10027
188162
103773
66091
143400
238854
10793
68240
382545
19552
127828
23491
34626
229841
262242
354402
294915
35417
13985
430393
468620
13983
145341
39391
368133
66785
146409
35310
107856
25704
477751
411886
65197
163965
69503
201405
13673
43332
10993
201391
189492
24613
96433
56444
292276
214148
16733
17606
124632
515858
458583
12027
12021
116592
75460
341710
16225
162221
259273
12330
209551
31819
227485
100026
86399
230875
19582
100021
309150
558033
105296
250245
19831
37193
102961
102419
12117
134539
117350
13461
13060
227668
303108
552793
17772
10172
535202
175438
179630
10377
64318
10373
365875
149062
261319
122955
488441
235241
12204
10778
63896
112691
45741
528740
137051
14859
275645
54212
304900
37691
14079
186133
18953
252426
596473
13084
596471
596470
264368
167305
173597
13245
583798
12932
596494
596497
596496
596491
146846
596493
596499
164336
10207
71983
14210
207019
317069
569192
39627
29757
356325
553117
14185
198353
109473
481977
18179
267066
34437
11136
530500
26729
553239
11139
11861
78949
229295
73018
14859
102062
139977
10109
10108
197608
68424
15202
68428
13245
596490
467799
75934
515813
14210
12062
40831
553117
14185
100843
285403
596405
596403
481977
18179
10136
521120
10130
42429
11688
129657
233931
86491
64992
29356
339410
76231
320130
13864
77222
118784
63749
262528
114355
272084
60439
221241
252426
34020
42228
111979
25872
23891
90369
18454
10035
10026
10027
10024
10023
84755
146409
10003
12565
32408
89538
14782
154582
304745
13768
101200
424019
249590
232413
124140
17947
167763
32354
12058
43017
399184
175726
74877
369982
74873
14568
17467
389635
16365
15563
117205
36034
17261
93310
26104
43643
167790
512841
34654
206969
10064
70612
28916
596367
10698
31191
66129
596363
596360
596369
330706
59240
12400
46227
558007
558001
69593
204116
271277
87039
11832
11275
342488
10481
469939
58142
14993
19062
195733
43570
10591
596395
26842
26848
25679
91103
26926
16092
83798
16545
78025
20054
67145
27269
65903
342490
32168
56297
159755
116837
277576
395416
342116
64343
10658
31017
473280
402725
205905
170177
345244
90882
183115
14024
258280
206998
509332
396215
34609
528738
10017
72698
170252
110596
596358
557647
557646
127190
596350
12348
425704
10274
228736
505239
80886
25641
20547
413620
31945
81549
554673
10479
142641
142645
161094
441391
73018
14859
102062
52865
139977
10109
10108
542539
15205
197608
68424
15202
68428
61178
13245
201681
184296
596490
241320
467799
75934
515813
42458
110315
14210
12062
40831
65524
43570
14185
116897
515085
100843
285403
596405
596403
60132
481977
21106
18179
10136
12984
521120
10130
42429
11688
129657
233931
86491
64992
29356
12790
12797
19579
391958
339410
76231
558045
320130
10701
13864
77222
118784
63749
596339
596335
49567
596337
114355
596333
272084
60439
221241
10034
252426
34020
42228
111979
91671
25872
23891
90369
18454
10035
10026
10027
10024
10023
84755
146409
10003
12565
32408
89538
14782
154582
304745
13768
10099
10098
101200
337905
424019
249590
176200
232413
109533
124140
20656
17947
167763
32354
12058
43017
116837
11405
74877
369982
74873
14568
551531
14399
12492
340297
17467
175726
16365
15563
117205
221207
50702
36034
17261
93310
26104
43643
167790
512841
34654
206969
10064
70612
28916
596367
10698
31191
66129
596363
596360
596369
330706
59240
12400
61743
27766
46227
174358
558007
558001
69593
204116
271277
87039
11024
145219
11832
11275
342488
10481
469939
58142
14993
19062
195733
11371
145327
10591
596395
16662
26842
26848
25679
91103
26926
16092
83798
301914
140667
553117
586674
13547
342490
128294
596338
596336
262528
247863
190720
449693
121011
11595
389635
394631
57157
512840
596364
477132
16545
596357
12658
27389
78025
20054
67145
27269
278302
180374
65903
32168
56297
159755
399184
277576
395416
342116
549500
10658
31017
473280
10651
402725
132111
143991
290811
173794
205905
154288
170177
345244
90882
183115
10400
134156
258280
206998
509332
396215
294735
34609
528738
10017
72698
170252
545172
596358
557647
138058
172077
127190
596350
12348
425704
10274
228736
505239
15877
116500
20547
413620
31945
81549
554673
10479
114011
142641
596450
142645
14024
303699
161094
10084
528369
10434
236744
441391
134798
19428
44627
12954
18303
65252
56317
368133
550436
35417
42471
151932
341424
161599
394322
68581
10949
55565
244766
10038
187928
24084
333720
120464
14954
11029
80886
17947
139316
43078
87039
21954
262528
35417
63387
10036
195383
60439
26104
101200
17261
39251
